
=== libmysqlclient Query Pressure Summary ===
mode: normal
clients: 8
queries_per_client: 1000
total_queries: 8000
success: 8000
failed: 0
elapsed_sec: 0.0827648
qps: 96659.4
p50_latency_ms: 0.052542
p95_latency_ms: 0.077834
p99_latency_ms: 0.105417
max_latency_ms: 0.26125
